40
1 150 100 50 50
1 200 100 50 50
1 250 100 50 50
1 300 100 50 50

1 300 100 50 50
1 300 150 50 50
1 300 200 50 50
1 300 250 50 50
1 300 300 50 50
1 300 350 50 50
1 300 400 50 50
1 300 450 50 50

1 150 500 50 50
1 200 500 50 50
1 250 500 50 50
1 300 500 50 50

1 850 100 50 50
1 900 100 50 50
1 950 100 50 50
1 1000 100 50 50

1 850 100 50 50
1 850 150 50 50
1 850 200 50 50
1 850 250 50 50
1 850 300 50 50
1 850 350 50 50
1 850 400 50 50
1 850 450 50 50

1 850 500 50 50
1 900 500 50 50
1 950 500 50 50
1 1000 500 50 50

1 500 150 50 50
1 550 150 50 50
1 600 150 50 50
1 650 150 50 50

1 500 450 50 50
1 550 450 50 50
1 600 450 50 50
1 650 450 50 50