56
1 200 0 50 50
1 200 50 50 50
1 200 100 50 50
1 200 150 50 50
1 200 200 50 50
1 200 250 50 50
1 100 250 50 50
1 150 250 50 50
1 250 250 50 50
1 300 250 50 50
1 300 300 50 50
1 300 350 50 50
1 300 400 50 50
1 400 0 50 50
1 400 50 50 50
1 550 0 50 50
1 550 50 50 50
1 550 100 50 50
1 550 150 50 50
1 550 200 50 50
1 600 200 50 50
1 650 200 50 50
1 700 200 50 50
1 750 200 50 50
1 800 150 50 50
1 850 100 50 50
1 900 100 50 50
1 950 100 50 50
1 1000 100 50 50
1 500 350 50 50
1 500 400 50 50
1 500 450 50 50
1 500 500 50 50
1 500 550 50 50
1 500 600 50 50
1 550 450 50 50
1 600 450 50 50
1 650 450 50 50
1 700 450 50 50
1 750 450 50 50
1 1150 0 50 50
1 1150 50 50 50
1 1150 100 50 50
1 950 250 50 50
1 1000 250 50 50
1 1050 250 50 50
1 1150 300 50 50
1 1150 350 50 50
1 1150 400 50 50
1 1150 450 50 50
1 1100 450 50 50
1 1050 450 50 50
1 1000 450 50 50
1 950 450 50 50
1 900 450 50 50
1 900 400 50 50