47
1 100 100 50 50
1 100 150 50 50
1 100 200 50 50

1 100 400 50 50
1 100 450 50 50
1 100 500 50 50

1 250 100 50 50
1 250 150 50 50
1 250 200 50 50

1 250 400 50 50
1 250 450 50 50
1 250 500 50 50


1 900 100 50 50
1 900 150 50 50
1 900 200 50 50

1 900 400 50 50
1 900 450 50 50
1 900 500 50 50

1 1050 100 50 50
1 1050 150 50 50
1 1050 200 50 50

1 1050 400 50 50
1 1050 450 50 50
1 1050 500 50 50


1 400 100 50 50
1 400 150 50 50
1 400 200 50 50
1 450 100 50 50
1 500 100 50 50

1 750 100 50 50
1 750 150 50 50
1 750 200 50 50
1 700 100 50 50
1 650 100 50 50

1 400 400 50 50
1 400 450 50 50
1 400 500 50 50
1 450 500 50 50
1 500 500 50 50
1 550 500 50 50
1 600 500 50 50
1 750 400 50 50
1 750 450 50 50
1 750 500 50 50
1 700 500 50 50
1 650 500 50 50


1 575 300 50 50
1 600 300 50 50